2.168347711787381726e-01
1.090646332908613569e-01
9.111625439265721438e-01
7.215506964498525910e-01
-3.390916310210121964e-01
9.663601276446641686e-01
9.883940961373607337e-01
-9.568684050638440741e-01
2.363740147577824691e-01
1.150762772976914095e+00
-7.336491785137047028e-01
-7.576838376983163759e-01
8.735457153582006917e-01
-1.008783764268577743e+00
-3.045761733528132842e-01
-5.861198997986309667e-02
6.672193673250821355e-01
-5.119983333843609596e-01
2.029145217069615592e-01
1.530635479960606338e+00
6.615716754716707282e-01
-5.480772173425997318e-01
-5.917732578969447932e-01
3.880881479456153582e-01
6.869330238962263468e-01
-5.940698230262230206e-01
4.813647082060129589e-02
-2.838841235591896273e-01
2.875713235281114888e-01
-7.553866518846620304e-01
5.976275502866889022e-01
3.416339546192481702e-01
9.002220551719120056e-01
1.110359626370647779e-01
7.837806746824671489e-01
4.397766951534329283e-01
-4.116206044171826783e-01
-4.773900518588365394e-01
-4.589286905998931632e-01
3.200091491559797774e-02
1.449615736860259130e-01
7.123204465963142162e-01
1.741022509407971208e-01
8.224986353764118796e-01
1.296514546231808396e-02
8.470144722045112873e-02
-4.044075110445981558e-01
-1.392957403962759244e+00
9.764560756655460416e-01
-8.630206986175038564e-01
-3.778679324107181436e-02
6.282304832782394099e-03
-3.866340480426294635e-02
-2.212725670800219646e-03
5.147938823026625421e-01
5.089261072245387929e-02
1.529797624476241680e+00
1.735422391503285700e-01
8.409231469916079726e-01
7.903722397614798556e-01
2.372939827760841003e-01
3.634217779478239596e-02
5.439532538861755473e-01
6.674553013326302020e-01
3.322794724105349595e-01
-3.105516748690426709e-01
4.855851299720681524e-01
-7.559740035559832094e-01
7.524637278476099533e-01
6.397199795745655004e-01
-8.890390773069116737e-01
-4.106050543711314837e-01
5.581081213821210696e-01
4.840135301866529960e-01
-8.218937424009027382e-01
2.530616308400569503e-01
2.186194102011507212e-02
7.385419399307987520e-01
5.115880715484417696e-01
-1.303742860158960681e-01
6.154607363550874677e-01
2.420801349066788177e-01
7.123794851110905046e-01
-2.461313567348231701e-01
-3.680181766144388078e-01
-4.489370084454779586e-01
6.307965681112059908e-01
7.645899975043500829e-01
-3.911368732958746541e-01
9.187108346666965630e-01
7.795367238790001929e-02
-1.211424242053464606e-01
-8.768092225864433653e-02
6.360137425197323058e-01
-7.995563332523174527e-01
9.558298139435441598e-01
-1.359928254233923273e+00
-3.605590480559448530e-01
-9.726197786361203690e-01
-7.081969913807579786e-01
-8.410661783484569831e-01
-3.360042433403513940e-01
-5.784536743427124428e-01
6.582593060581845013e-01
-1.024181505943675408e+00
-1.545776435361346235e-01
-5.419230501122948018e-01
-9.720347010349608130e-01
-6.142093572324834605e-03
-1.339135421102837675e+00
1.150742989634497837e-01
4.908830257895680504e-01
-6.665132693772158889e-01
-2.089869546922356047e-01
4.979108295808430951e-01
7.728109882226361638e-01
-6.975796605070626599e-01
9.550900884297024440e-01
-6.204258818778211060e-01
4.516409324722792107e-01
-1.861520362273779150e-01
-8.778154581733366157e-01
6.552724458336254276e-01
-2.916229642869855865e-01
7.651481020118857668e-01
-3.121374844188969933e-01
-6.326746772342125569e-01
-4.824209065493421933e-02
1.186035958461827827e-01
8.311536242794629326e-01
-1.860671848961007180e-01
-3.226306222737156948e-01
-3.613160782431651952e-01
9.353738525942900672e-02
-5.065790989386167453e-01
5.117593618478746276e-01
-6.401608634509770024e-01
-6.098141396594125574e-01
6.187738832662790234e-01
-7.923410497183017709e-01
-7.541634015495289889e-01
-1.368808668699398462e-02
2.647704730213989999e-01
-3.786694924206652768e-01
-1.503819230718327349e-01
-7.882044363120033204e-02
5.616374763627083322e-01
1.875165677282789878e-01
-7.384511452181137248e-01
2.048365414147546026e-03
6.588569207863302912e-01
-1.645630772945021469e+00
-9.538882049723330647e-01
-7.102903505308829635e-01
-4.141016136916526591e-01
-9.245854948457162825e-01
-2.084133250320613917e-01
-5.070111288733030186e-01
-7.665379876459739172e-01
4.036939648182146789e-01
2.769431528949652388e-01
-2.818629448650583069e-01
3.592222209549120193e-01
-8.169766963761220246e-01
-3.559090250078238427e-01
-6.762110456925434221e-01
-5.257888713018263882e-01
-9.120679193503207216e-01
-2.103669091086635135e-01
9.169465445880919940e-01
-1.602150476994918804e-01
3.779753864424719723e-01
-1.023508754881294891e+00
-2.044358344441921105e-02
5.077400311216128115e-01
-5.189640638755410595e-01
5.023716886405809046e-01
-8.058916576947672272e-01
1.105423959200093398e+00
4.149446667912497499e-01
4.041642989786484730e-01
-9.010813196164770833e-01
3.064260600355650510e-02
2.295302064362785277e-01
4.350608711273034057e-01
-1.046809642907717386e+00
2.825903559235563023e-01
-3.936985810272948805e-01
-5.452068012040172107e-01
5.806832594603512643e-01
6.048029366188404365e-01
1.266023566375992004e+00
-7.660688130655528560e-01
2.158471541556945539e-01
-7.156093650970705156e-01
-5.087805182853899488e-02
4.787003023905900823e-01
-9.337841696632335209e-01
-7.386985072520202422e-01
3.838920414161457462e-01
3.731875199357133632e-01
1.405118589034460297e-01
-1.290741305092583113e-01
-9.333486468578410244e-01
1.629556874874152239e+00
1.108783417061661725e-01
-5.258798953672224608e-01
7.777418542984809724e-01
-7.638387325060078670e-01
7.825583893296651494e-01
-3.326236133486731861e-01
-5.155427251987478865e-01
3.007649109987647340e-01
9.734288840497550277e-01
2.173359015219741286e-01
4.347481841721374529e-01
-7.136281392617507269e-01
-1.549574903001013526e+00
4.113783507185120869e-01
9.368427012949943622e-01
8.876562893729456061e-02
-9.186057821105988452e-01
-3.999488767771458564e-01
5.434239645235965366e-01
4.875863883218574668e-01
-8.766782496859533147e-01
9.235919413492453822e-01
7.769645158298813525e-01
5.413552726846655450e-01
-6.965272834231899246e-01
-4.452477542639203811e-01
-7.366704872073515098e-02
6.826408632666416398e-01
-1.793135914891874072e-01
1.901187128523624398e-02
-8.980176176361215346e-02
4.553135027415411984e-01
-1.082576719549508820e-01
-5.894417466759775959e-01
2.098295773744014436e-01
9.235905249679051687e-01
1.765620667612835260e-01
4.422346929658425019e-01
-5.705020549129020679e-01
4.273211149914324380e-01
6.254271368826622712e-01
-6.138851581368048871e-01
8.871316856314972465e-01
7.943839743391452046e-01
-1.166364056082705769e+00
2.469453597935782618e-01
-8.222376376204290072e-01
-6.969414079460445333e-01
8.447374731128811653e-01
9.631689393739459870e-01
-7.123215387986532310e-01
-3.325674587065362564e-01
-4.046411135134435066e-01
5.471003615489393734e-01
-9.921052969226356044e-01
-9.755726040216843309e-01
5.889160778003775798e-01
2.154697318043224952e-01
3.350716486622951074e-01
-2.411450884276338247e-01
